{
  "baseline": {
    "top1": 9.833126303700752,
    "top3": 25.49628518527199,
    "top5": 39.982890758665945,
    "perplexity": 17.57401427859304
  },
  "per_seed": [
    {
      "nll": 2.5711604548011344,
      "perplexity": 13.080995540623036,
      "top1": 21.995921906860104,
      "top3": 40.0707806970258,
      "top5": 53.72770525230272,
      "seed": 42
    },
    {
      "nll": 2.5671376590807884,
      "perplexity": 13.028479070083137,
      "top1": 22.019359223756066,
      "top3": 40.3168725244334,
      "top5": 54.02301544519183,
      "seed": 7
    },
    {
      "nll": 2.571000421871704,
      "perplexity": 13.07890231808354,
      "top1": 21.80725150584761,
      "top3": 39.99929688049312,
      "top5": 53.77575175193944,
      "seed": 123
    }
  ],
  "aggregate": {
    "top1": {
      "mean": 21.940844212154598,
      "std": 0.09494765343647125
    },
    "top3": {
      "mean": 40.12898336731744,
      "std": 0.13602508476460934
    },
    "top5": {
      "mean": 53.84215748314466,
      "std": 0.12938139577421598
    },
    "perplexity": {
      "mean": 13.062792309596569,
      "std": 0.024278168513840865
    },
    "nll": {
      "mean": 2.5697661785845423,
      "std": 0.0018597918738103255
    }
  },
  "biochemistry": {
    "per_aa": {
      "A": {
        "acc": 19.699342311305983,
        "n": 6386
      },
      "C": {
        "acc": 11.262798634812286,
        "n": 586
      },
      "D": {
        "acc": 19.764279238440615,
        "n": 4412
      },
      "E": {
        "acc": 38.165399239543724,
        "n": 6312
      },
      "F": {
        "acc": 11.69142309535218,
        "n": 4174
      },
      "G": {
        "acc": 30.29287226534933,
        "n": 5668
      },
      "H": {
        "acc": 9.608091024020228,
        "n": 1582
      },
      "I": {
        "acc": 25.02865329512894,
        "n": 6980
      },
      "K": {
        "acc": 29.85123966942149,
        "n": 6050
      },
      "L": {
        "acc": 43.224883804075795,
        "n": 8391
      },
      "M": {
        "acc": 24.36823104693141,
        "n": 2216
      },
      "N": {
        "acc": 10.9946305292764,
        "n": 3911
      },
      "P": {
        "acc": 13.689253935660506,
        "n": 2922
      },
      "Q": {
        "acc": 11.030622324662495,
        "n": 3037
      },
      "R": {
        "acc": 10.723270440251572,
        "n": 3180
      },
      "S": {
        "acc": 12.990692027519223,
        "n": 4942
      },
      "T": {
        "acc": 12.34593262119967,
        "n": 4868
      },
      "V": {
        "acc": 16.288659793814432,
        "n": 5820
      },
      "W": {
        "acc": 8.501118568232663,
        "n": 894
      },
      "Y": {
        "acc": 11.08891108891109,
        "n": 3003
      }
    },
    "biochemical_class_accuracy": 37.89931328661495,
    "wrong_but_same_class_rate": 20.36636311724221
  },
  "blosum": {
    "spearman_offdiag": 0.3087711612174891,
    "aas": [
      "A",
      "C",
      "D",
      "E",
      "F",
      "G",
      "H",
      "I",
      "K",
      "L",
      "M",
      "N",
      "P",
      "Q",
      "R",
      "S",
      "T",
      "V",
      "W",
      "Y"
    ],
    "model_matrix": [
      [
        0.137893944978714,
        0.0420600064098835,
        0.057814836502075195,
        0.06703955680131912,
        0.0562489852309227,
        0.0688367635011673,
        0.04296582564711571,
        0.07069544494152069,
        0.06297428160905838,
        0.07689972221851349,
        0.04343927651643753,
        0.05343790352344513,
        0.05240759998559952,
        0.051491640508174896,
        0.05136251449584961,
        0.061550430953502655,
        0.062285784631967545,
        0.0678454041481018,
        0.041709788143634796,
        0.050091102719306946
      ],
      [
        0.0420600064098835,
        0.046993862837553024,
        0.02743600681424141,
        0.03554563224315643,
        0.031814880669116974,
        0.037341125309467316,
        0.01652892492711544,
        0.04687526822090149,
        0.032061655074357986,
        0.05406453460454941,
        0.018313467502593994,
        0.02355269156396389,
        0.020610537379980087,
        0.01939891092479229,
        0.022879227995872498,
        0.03040817379951477,
        0.030379824340343475,
        0.04090096801519394,
        0.010650711134076118,
        0.023541875183582306
      ],
      [
        0.057814836502075195,
        0.02743600681424141,
        0.1299344003200531,
        0.07310080528259277,
        0.038568414747714996,
        0.06055279076099396,
        0.04146838188171387,
        0.04726019129157066,
        0.06289584934711456,
        0.05371241271495819,
        0.0289540383964777,
        0.05361921340227127,
        0.048051200807094574,
        0.04653847590088844,
        0.0457405149936676,
        0.05411751568317413,
        0.05221942067146301,
        0.04877939075231552,
        0.026373934000730515,
        0.040944166481494904
      ],
      [
        0.06703955680131912,
        0.03554563224315643,
        0.07310080528259277,
        0.15767242014408112,
        0.04650174826383591,
        0.061089109629392624,
        0.049258019775152206,
        0.05734571814537048,
        0.07868551462888718,
        0.06548209488391876,
        0.036367714405059814,
        0.06261005997657776,
        0.05344529449939728,
        0.06087913364171982,
        0.06090186536312103,
        0.060636989772319794,
        0.06175277382135391,
        0.056527748703956604,
        0.035249415785074234,
        0.04871652275323868
      ],
      [
        0.0562489852309227,
        0.031814880669116974,
        0.038568414747714996,
        0.04650174826383591,
        0.11403243243694305,
        0.04986647889018059,
        0.03192070126533508,
        0.07122290134429932,
        0.04702971130609512,
        0.07855423539876938,
        0.03643372654914856,
        0.03914988785982132,
        0.036746442317962646,
        0.035089828073978424,
        0.036636918783187866,
        0.04732402041554451,
        0.047766417264938354,
        0.06168762594461441,
        0.03639574348926544,
        0.04567591845989227
      ],
      [
        0.0688367635011673,
        0.037341125309467316,
        0.06055279076099396,
        0.061089109629392624,
        0.04986647889018059,
        0.154404878616333,
        0.04249284416437149,
        0.06026250869035721,
        0.05691206455230713,
        0.06583796441555023,
        0.038352660834789276,
        0.05389910563826561,
        0.05660252273082733,
        0.04463525861501694,
        0.046569451689720154,
        0.060376714915037155,
        0.05706710368394852,
        0.059612907469272614,
        0.03684629872441292,
        0.04430127143859863
      ],
      [
        0.04296582564711571,
        0.01652892492711544,
        0.04146838188171387,
        0.049258019775152206,
        0.03192070126533508,
        0.04249284416437149,
        0.05693613737821579,
        0.04291458800435066,
        0.04529654234647751,
        0.05027797073125839,
        0.02009662613272667,
        0.033939428627491,
        0.030028149485588074,
        0.0293592419475317,
        0.03267043083906174,
        0.03882041200995445,
        0.037794142961502075,
        0.03929266706109047,
        0.016348037868738174,
        0.029278820380568504
      ],
      [
        0.07069544494152069,
        0.04687526822090149,
        0.04726019129157066,
        0.05734571814537048,
        0.07122290134429932,
        0.06026250869035721,
        0.04291458800435066,
        0.15490201115608215,
        0.05822630226612091,
        0.09515423327684402,
        0.049949027597904205,
        0.049249883741140366,
        0.04597409814596176,
        0.0461229532957077,
        0.04856523871421814,
        0.05717814713716507,
        0.06060061603784561,
        0.08211883902549744,
        0.05059961974620819,
        0.056441597640514374
      ],
      [
        0.06297428160905838,
        0.032061655074357986,
        0.06289584934711456,
        0.07868551462888718,
        0.04702971130609512,
        0.05691206455230713,
        0.04529654234647751,
        0.05822630226612091,
        0.15442435443401337,
        0.06474731862545013,
        0.036480143666267395,
        0.06062275916337967,
        0.04807959124445915,
        0.05638056620955467,
        0.05884478986263275,
        0.05915434658527374,
        0.05931874364614487,
        0.056741926819086075,
        0.035453710705041885,
        0.0497131422162056
      ],
      [
        0.07689972221851349,
        0.05406453460454941,
        0.05371241271495819,
        0.06548209488391876,
        0.07855423539876938,
        0.06583796441555023,
        0.05027797073125839,
        0.09515423327684402,
        0.06474731862545013,
        0.17581920325756073,
        0.05604210123419762,
        0.056126926094293594,
        0.05296356603503227,
        0.054872818291187286,
        0.05643999204039574,
        0.06428477168083191,
        0.06552889943122864,
        0.08435171097517014,
        0.058471210300922394,
        0.06496541947126389
      ],
      [
        0.04343927651643753,
        0.018313467502593994,
        0.0289540383964777,
        0.036367714405059814,
        0.03643372654914856,
        0.038352660834789276,
        0.02009662613272667,
        0.049949027597904205,
        0.036480143666267395,
        0.05604210123419762,
        0.20207560062408447,
        0.029196791350841522,
        0.02514694631099701,
        0.024776309728622437,
        0.025538824498653412,
        0.03393479064106941,
        0.03418426215648651,
        0.04352853074669838,
        0.020156148821115494,
        0.02918386086821556
      ],
      [
        0.05343790352344513,
        0.02355269156396389,
        0.05361921340227127,
        0.06261005997657776,
        0.03914988785982132,
        0.05389910563826561,
        0.033939428627491,
        0.049249883741140366,
        0.06062275916337967,
        0.056126926094293594,
        0.029196791350841522,
        0.09941069781780243,
        0.04046002775430679,
        0.04215303808450699,
        0.041571635752916336,
        0.05099613964557648,
        0.049871206283569336,
        0.04700658097863197,
        0.02576792612671852,
        0.039030902087688446
      ],
      [
        0.05240759998559952,
        0.020610537379980087,
        0.048051200807094574,
        0.05344529449939728,
        0.036746442317962646,
        0.05660252273082733,
        0.030028149485588074,
        0.04597409814596176,
        0.04807959124445915,
        0.05296356603503227,
        0.02514694631099701,
        0.04046002775430679,
        0.09720703959465027,
        0.035279251635074615,
        0.03578754886984825,
        0.04649579897522926,
        0.045462049543857574,
        0.045238956809043884,
        0.022228511050343513,
        0.033539801836013794
      ],
      [
        0.051491640508174896,
        0.01939891092479229,
        0.04653847590088844,
        0.06087913364171982,
        0.035089828073978424,
        0.04463525861501694,
        0.0293592419475317,
        0.0461229532957077,
        0.05638056620955467,
        0.054872818291187286,
        0.024776309728622437,
        0.04215303808450699,
        0.035279251635074615,
        0.09016333520412445,
        0.04040999710559845,
        0.044438064098358154,
        0.04517880082130432,
        0.04286860674619675,
        0.02232234552502632,
        0.03393963724374771
      ],
      [
        0.05136251449584961,
        0.022879227995872498,
        0.0457405149936676,
        0.06090186536312103,
        0.036636918783187866,
        0.046569451689720154,
        0.03267043083906174,
        0.04856523871421814,
        0.05884478986263275,
        0.05643999204039574,
        0.025538824498653412,
        0.041571635752916336,
        0.03578754886984825,
        0.04040999710559845,
        0.09226316213607788,
        0.04403727129101753,
        0.043528296053409576,
        0.04503336176276207,
        0.025070028379559517,
        0.0358777716755867
      ],
      [
        0.061550430953502655,
        0.03040817379951477,
        0.05411751568317413,
        0.060636989772319794,
        0.04732402041554451,
        0.060376714915037155,
        0.03882041200995445,
        0.05717814713716507,
        0.05915434658527374,
        0.06428477168083191,
        0.03393479064106941,
        0.05099613964557648,
        0.04649579897522926,
        0.044438064098358154,
        0.04403727129101753,
        0.11638134717941284,
        0.05584368482232094,
        0.0541173554956913,
        0.03109961934387684,
        0.04370984062552452
      ],
      [
        0.062285784631967545,
        0.030379824340343475,
        0.05221942067146301,
        0.06175277382135391,
        0.047766417264938354,
        0.05706710368394852,
        0.037794142961502075,
        0.06060061603784561,
        0.05931874364614487,
        0.06552889943122864,
        0.03418426215648651,
        0.049871206283569336,
        0.045462049543857574,
        0.04517880082130432,
        0.043528296053409576,
        0.05584368482232094,
        0.11124532669782639,
        0.05786103010177612,
        0.03160540759563446,
        0.04359227418899536
      ],
      [
        0.0678454041481018,
        0.04090096801519394,
        0.04877939075231552,
        0.056527748703956604,
        0.06168762594461441,
        0.059612907469272614,
        0.03929266706109047,
        0.08211883902549744,
        0.056741926819086075,
        0.08435171097517014,
        0.04352853074669838,
        0.04700658097863197,
        0.045238956809043884,
        0.04286860674619675,
        0.04503336176276207,
        0.0541173554956913,
        0.05786103010177612,
        0.13388732075691223,
        0.042341411113739014,
        0.05189912021160126
      ],
      [
        0.041709788143634796,
        0.010650711134076118,
        0.026373934000730515,
        0.035249415785074234,
        0.03639574348926544,
        0.03684629872441292,
        0.016348037868738174,
        0.05059961974620819,
        0.035453710705041885,
        0.058471210300922394,
        0.020156148821115494,
        0.02576792612671852,
        0.022228511050343513,
        0.02232234552502632,
        0.025070028379559517,
        0.03109961934387684,
        0.03160540759563446,
        0.042341411113739014,
        0.040750082582235336,
        0.0281234011054039
      ],
      [
        0.050091102719306946,
        0.023541875183582306,
        0.040944166481494904,
        0.04871652275323868,
        0.04567591845989227,
        0.04430127143859863,
        0.029278820380568504,
        0.056441597640514374,
        0.0497131422162056,
        0.06496541947126389,
        0.02918386086821556,
        0.039030902087688446,
        0.033539801836013794,
        0.03393963724374771,
        0.0358777716755867,
        0.04370984062552452,
        0.04359227418899536,
        0.05189912021160126,
        0.0281234011054039,
        0.08881880342960358
      ]
    ]
  }
}